Mpro
TTTLHVICTSEDMFLNGSCHHMELPTRQTAQ
1.000000 0.722338 0.609007 0.542879 0.565893 0.601773 0.512964 0.579118 0.474386 0.438623 0.445389 0.376679 0.434326 0.434741 0.386085 0.347990 0.335913 0.360585 0.300870 0.312941 0.300711 0.292356 0.264938 0.260745 0.270889 0.259830 0.261960 0.247845 0.251232 0.235717 0.249631 0.240774 0.239270 0.233289 0.229109 0.230811 0.238758 0.273930 0.291187 0.280273 0.309428 0.301126 0.288572 0.325479 0.331728 0.371757 0.311450 0.320128 0.290420 0.267040 0.279478 0.243565 0.324068 0.324708 0.318609 0.311485 0.284632 0.258824 0.338376 0.361338 0.331231 0.341966 0.336802 0.300914 0.360582 0.308275 0.290637 0.302041 0.274000 0.269630 0.274005 0.253398 0.237645 0.253926 0.235493 0.235365 0.232731 0.241224 0.250210 0.238824 0.231180 0.216633 0.243104 0.235623 0.249428 0.256158 0.253449 0.267903 0.227462 0.219491 0.228856 0.219273 0.223906 0.237777 0.239764 0.224402 0.202946 0.194979 0.147024 0.155571 0.158354 0.154694 0.156532 0.152653 0.147736 0.149020 0.145925 0.159824 0.157693 0.166909 0.172589 0.171549 0.161485 0.159789 0.156072 0.184110 0.187113 0.192541 0.207660 0.214016 0.227521 0.232098 0.234757 0.214465 0.208748 0.224688 0.229787 0.216850 0.218387 0.203953 0.192769 0.181168 0.181204 0.194019 0.186063 0.204569 0.204739 0.216347 0.212964 0.205147 0.211658 0.161867 0.164549 0.165236 0.166349 0.159724 0.161510 0.168412 0.172081 0.173521 0.182094 0.172641 0.181119 0.177103 0.177647 0.177997 0.176492 0.175105 0.175362 0.183057 0.192916 0.173798 0.173777 0.172236 0.165775 0.164681 0.158060 0.165313 0.158373 0.165939 0.158032 0.159670 0.152246 0.152478 0.153150 0.150957 0.154652 0.158816 0.146915 0.142795 0.136357 0.137005 0.130766 0.139611 0.140416 0.140622 0.138614 0.136223 0.133598 0.136858 0.137826 0.131139 0.130091 0.127694 0.123081 0.119208 0.121026 0.116692 0.124322 0.120571 0.175003 0.176239 0.167535 0.166166 0.157491 0.154821 0.147531 0.142856 0.145009 0.173125 0.166950 0.178665 0.175476 0.183487 0.182017 0.186367 0.190452 0.185217 0.166220 0.164188 0.158502 0.150045 0.147060 0.141263 0.145435 0.144601 0.146147 0.138622 0.133632 0.128488 0.131183 0.128876 0.131841 0.129395 0.133910 0.137953 0.142781 0.140411 0.150110 0.126343 0.128281 
0.722338 1.000000 0.712246 0.611355 0.602406 0.708163 0.612200 0.605553 0.496628 0.440984 0.446408 0.381740 0.449322 0.434767 0.408262 0.363805 0.356453 0.382457 0.316227 0.326082 0.316391 0.299798 0.271302 0.265419 0.272205 0.258751 0.262372 0.251943 0.254815 0.228819 0.242670 0.236373 0.236960 0.232210 0.229740 0.231777 0.238138 0.266053 0.283243 0.271005 0.297897 0.289701 0.274430 0.313844 0.313340 0.348265 0.292246 0.296000 0.268747 0.249637 0.259082 0.228189 0.300482 0.298652 0.300251 0.296092 0.274371 0.248835 0.323644 0.348348 0.317746 0.332894 0.325552 0.291059 0.340467 0.305118 0.286814 0.303559 0.277494 0.276469 0.282707 0.254769 0.239091 0.253431 0.233875 0.232830 0.230766 0.238667 0.247885 0.235721 0.228053 0.213662 0.238137 0.229389 0.240607 0.245057 0.242011 0.254683 0.222389 0.213994 0.225605 0.217111 0.223545 0.237584 0.238162 0.223606 0.201224 0.193462 0.151829 0.160892 0.163295 0.158937 0.160703 0.156164 0.150759 0.152596 0.148977 0.165835 0.163590 0.173866 0.180581 0.180055 0.169129 0.167702 0.163384 0.192999 0.195548 0.202804 0.219387 0.227473 0.242365 0.246596 0.251138 0.226953 0.221341 0.237122 0.242296 0.226677 0.227511 0.212466 0.199602 0.187461 0.187359 0.199659 0.190683 0.210236 0.208831 0.220295 0.217843 0.208327 0.215395 0.162896 0.166065 0.167525 0.169157 0.162315 0.164616 0.172199 0.175767 0.174951 0.183479 0.173927 0.182173 0.177269 0.177022 0.176769 0.174665 0.173344 0.174286 0.184761 0.194969 0.175854 0.176346 0.174188 0.167304 0.165483 0.158833 0.168143 0.160909 0.169396 0.161584 0.163977 0.156454 0.157289 0.158228 0.155911 0.157956 0.162257 0.149725 0.145328 0.138483 0.138776 0.132241 0.141076 0.143242 0.143784 0.141339 0.139186 0.136275 0.139303 0.140153 0.134069 0.133234 0.130363 0.125703 0.121488 0.123189 0.118755 0.127157 0.123336 0.173642 0.174906 0.165940 0.164141 0.155383 0.152736 0.145579 0.141017 0.143100 0.172727 0.166947 0.178610 0.176318 0.184846 0.184350 0.189515 0.193947 0.188780 0.166991 0.165081 0.158937 0.150400 0.146887 0.141085 0.145080 0.145251 0.146947 0.139353 0.134549 0.129393 0.131880 0.129303 0.132711 0.130098 0.134519 0.138285 0.142915 0.140368 0.150253 0.127227 0.129444 
0.609007 0.712246 1.000000 0.727466 0.709838 0.597644 0.554292 0.525555 0.448174 0.409123 0.429016 0.359657 0.398111 0.380198 0.369451 0.329552 0.323669 0.341605 0.290176 0.300835 0.295588 0.276630 0.253239 0.249324 0.254668 0.241571 0.248424 0.235001 0.236338 0.221044 0.235551 0.231406 0.231383 0.226494 0.223811 0.225529 0.232113 0.256283 0.274414 0.258072 0.280230 0.269660 0.256197 0.287609 0.294449 0.324644 0.277471 0.282398 0.257406 0.241318 0.245768 0.221096 0.291199 0.291752 0.293404 0.294635 0.274136 0.247490 0.325725 0.347852 0.325782 0.348795 0.345895 0.307789 0.358208 0.320694 0.298411 0.323441 0.295045 0.296939 0.304134 0.270031 0.251655 0.269528 0.247619 0.247751 0.246818 0.256377 0.267296 0.252990 0.238881 0.222747 0.248376 0.236827 0.246845 0.251781 0.248628 0.261367 0.228262 0.218515 0.232168 0.222318 0.229231 0.242445 0.240557 0.225453 0.206227 0.197341 0.150038 0.158716 0.160912 0.156152 0.157267 0.152503 0.147497 0.150059 0.146216 0.164024 0.162416 0.171843 0.179123 0.178704 0.168102 0.166484 0.162968 0.190967 0.192516 0.201701 0.217976 0.227883 0.243320 0.247286 0.253087 0.223526 0.217743 0.232118 0.234859 0.218914 0.218190 0.206256 0.193427 0.182722 0.183299 0.192872 0.184027 0.203138 0.201385 0.212604 0.212456 0.199684 0.205351 0.157935 0.161508 0.163032 0.165331 0.159182 0.161969 0.169200 0.171928 0.170055 0.177654 0.169798 0.178032 0.173514 0.172632 0.171938 0.169412 0.168168 0.169550 0.181371 0.191484 0.173342 0.174717 0.173064 0.166425 0.165012 0.158566 0.166932 0.159510 0.168896 0.161448 0.164033 0.156808 0.157795 0.158792 0.156400 0.158411 0.163180 0.150109 0.146077 0.138992 0.138947 0.132258 0.141369 0.144351 0.144861 0.142844 0.141002 0.138338 0.141360 0.141736 0.135646 0.134990 0.131586 0.126747 0.122349 0.123819 0.119757 0.127991 0.124024 0.173993 0.176154 0.167310 0.165583 0.156737 0.154302 0.147079 0.142317 0.144713 0.174419 0.168323 0.181354 0.179649 0.189280 0.189241 0.195067 0.199758 0.194576 0.170423 0.168990 0.161682 0.153069 0.149229 0.143496 0.146857 0.147584 0.149000 0.141750 0.136698 0.131643 0.133584 0.130874 0.134205 0.131205 0.135367 0.139225 0.143499 0.140581 0.150959 0.128260 0.130553 
0.542879 0.611355 0.727466 1.000000 0.609950 0.563825 0.540332 0.506478 0.445152 0.413892 0.443747 0.365277 0.390423 0.369530 0.366157 0.325314 0.318218 0.331534 0.285946 0.300067 0.297261 0.275172 0.253185 0.250596 0.255619 0.241245 0.250714 0.233780 0.233934 0.224197 0.240067 0.236780 0.236617 0.230789 0.228437 0.231054 0.238584 0.261249 0.281222 0.260809 0.281708 0.268660 0.254221 0.284652 0.295800 0.325085 0.279015 0.283657 0.257726 0.242900 0.244629 0.222179 0.295572 0.296029 0.300299 0.304523 0.283557 0.254052 0.340248 0.363887 0.342155 0.370496 0.366381 0.323250 0.376204 0.340064 0.313932 0.344399 0.312702 0.314719 0.322481 0.284829 0.264559 0.283787 0.259245 0.258701 0.257319 0.267342 0.278909 0.263485 0.249276 0.231556 0.259310 0.246090 0.256191 0.261070 0.258113 0.269792 0.236817 0.225401 0.242082 0.231327 0.239238 0.253594 0.250232 0.233634 0.213977 0.204301 0.152882 0.161802 0.164149 0.158978 0.159775 0.154655 0.149599 0.152675 0.148510 0.167486 0.166126 0.175555 0.183419 0.182747 0.171666 0.169756 0.166699 0.195788 0.197050 0.207411 0.224561 0.235692 0.252529 0.256783 0.263236 0.229287 0.222807 0.237836 0.239311 0.222267 0.220581 0.209764 0.196232 0.185603 0.186739 0.195553 0.186221 0.206284 0.204291 0.216229 0.217239 0.201681 0.206908 0.159651 0.163679 0.165254 0.168011 0.161996 0.165204 0.172690 0.175105 0.172621 0.180150 0.172671 0.181353 0.176753 0.175353 0.174969 0.171752 0.169780 0.171359 0.185254 0.196005 0.177283 0.179193 0.177665 0.170840 0.169410 0.162599 0.171134 0.163216 0.173594 0.165900 0.168680 0.161153 0.162208 0.163345 0.160673 0.163025 0.168247 0.154208 0.150127 0.142595 0.142395 0.135307 0.144961 0.148452 0.148918 0.147030 0.145189 0.142492 0.145693 0.145924 0.139458 0.138788 0.135134 0.130012 0.125386 0.126850 0.122753 0.131207 0.127013 0.178717 0.181282 0.171953 0.170044 0.160685 0.158207 0.150673 0.145679 0.148244 0.179834 0.173357 0.187433 0.185931 0.196520 0.196448 0.203017 0.208422 0.202467 0.176201 0.175036 0.166652 0.157586 0.153466 0.147454 0.150854 0.151801 0.153226 0.145720 0.140416 0.135138 0.137054 0.134204 0.137663 0.134435 0.138705 0.142751 0.147080 0.143877 0.154916 0.131313 0.133714 
0.565893 0.602406 0.709838 0.609950 1.000000 0.523464 0.486562 0.472466 0.409647 0.384604 0.411105 0.340217 0.365853 0.351804 0.338281 0.304211 0.297906 0.313322 0.269199 0.280145 0.275860 0.259827 0.239381 0.237112 0.243142 0.231082 0.238521 0.222938 0.224022 0.217746 0.232328 0.228023 0.226718 0.223453 0.219216 0.219020 0.225154 0.251898 0.270068 0.252302 0.272438 0.261101 0.249081 0.276339 0.288155 0.316264 0.273754 0.280923 0.256983 0.241531 0.244285 0.221519 0.291833 0.294957 0.293391 0.296760 0.275490 0.248092 0.328853 0.348836 0.332071 0.357261 0.357815 0.318391 0.372931 0.327906 0.305279 0.329321 0.299362 0.300679 0.306671 0.274806 0.255618 0.275965 0.253967 0.255285 0.254760 0.265589 0.276921 0.262865 0.244965 0.228353 0.254391 0.241991 0.252134 0.258088 0.254437 0.269157 0.232393 0.222452 0.235063 0.224159 0.230429 0.242834 0.240651 0.224923 0.207562 0.198199 0.145540 0.153643 0.155930 0.151463 0.152268 0.147818 0.143260 0.145902 0.142218 0.158700 0.157383 0.165797 0.172650 0.171906 0.161932 0.160357 0.157543 0.183811 0.185255 0.193747 0.208777 0.218129 0.233064 0.237222 0.242478 0.213302 0.207676 0.220869 0.222656 0.208278 0.207329 0.197123 0.185399 0.175570 0.176542 0.185323 0.177138 0.195074 0.193948 0.205005 0.205314 0.192100 0.197047 0.153721 0.157204 0.158312 0.160550 0.155024 0.157762 0.164485 0.166760 0.165645 0.172723 0.165681 0.173889 0.169980 0.169141 0.168115 0.165887 0.165165 0.166722 0.177272 0.187131 0.169619 0.171185 0.170224 0.163765 0.162931 0.156833 0.163587 0.156330 0.165501 0.158272 0.160544 0.153503 0.154133 0.154948 0.152788 0.155721 0.160563 0.147714 0.144054 0.137176 0.137199 0.130640 0.139765 0.142346 0.142633 0.141088 0.139299 0.136925 0.140065 0.140284 0.133924 0.133214 0.129863 0.125025 0.120725 0.122139 0.118330 0.126048 0.122130 0.173494 0.176134 0.167556 0.166056 0.157305 0.155059 0.147839 0.142992 0.145625 0.174415 0.168048 0.181452 0.179611 0.189474 0.189484 0.194824 0.199036 0.194544 0.170585 0.169377 0.161764 0.153258 0.149518 0.143838 0.146948 0.147550 0.148690 0.141746 0.136524 0.131523 0.133323 0.130723 0.133773 0.130688 0.134767 0.138725 0.142855 0.139837 0.150288 0.127590 0.129766 
0.601773 0.708163 0.597644 0.563825 0.523464 1.000000 0.750759 0.732173 0.602665 0.507288 0.499609 0.436984 0.531871 0.494167 0.478618 0.414005 0.400360 0.423145 0.347526 0.367481 0.358658 0.334158 0.300197 0.293607 0.300011 0.281880 0.287969 0.275273 0.277252 0.242294 0.257714 0.251720 0.254673 0.250386 0.248891 0.251585 0.257502 0.284718 0.303693 0.290445 0.321118 0.311797 0.290295 0.340313 0.332742 0.369889 0.305881 0.304391 0.274328 0.255711 0.264880 0.232245 0.307299 0.300713 0.311536 0.305831 0.286060 0.258569 0.334135 0.365488 0.323832 0.337823 0.322246 0.288313 0.331866 0.312748 0.295831 0.311167 0.285597 0.283879 0.291079 0.260293 0.245502 0.256079 0.235240 0.231554 0.228222 0.234575 0.243217 0.231092 0.230605 0.216444 0.240558 0.232226 0.243140 0.244954 0.241401 0.253657 0.227206 0.218926 0.231916 0.224704 0.232971 0.249469 0.251081 0.236035 0.207629 0.200157 0.161206 0.171487 0.174297 0.169442 0.171466 0.166280 0.160074 0.162219 0.158052 0.177029 0.174275 0.186058 0.193477 0.192495 0.179851 0.178031 0.173291 0.208041 0.211492 0.218934 0.238477 0.246827 0.264362 0.269904 0.274367 0.248169 0.241108 0.260595 0.266916 0.248233 0.248917 0.231450 0.216282 0.202024 0.201956 0.216475 0.205849 0.228851 0.226861 0.240181 0.237054 0.225891 0.234356 0.173182 0.176943 0.178866 0.180732 0.172886 0.175527 0.184396 0.188528 0.187020 0.196736 0.185593 0.194703 0.188569 0.187977 0.187432 0.184728 0.183273 0.184669 0.197689 0.209346 0.187645 0.188081 0.185071 0.177083 0.174435 0.167028 0.178989 0.170975 0.180215 0.171412 0.174238 0.165722 0.166623 0.167680 0.165072 0.166948 0.171407 0.157800 0.152664 0.145187 0.145527 0.138397 0.147773 0.150254 0.151012 0.147904 0.145429 0.141937 0.145125 0.146387 0.140038 0.139054 0.136113 0.131150 0.126586 0.128518 0.123479 0.132915 0.128845 0.181284 0.182041 0.171900 0.169451 0.159923 0.156888 0.149266 0.144623 0.146479 0.180039 0.174311 0.185981 0.183662 0.192444 0.192209 0.197935 0.202837 0.197169 0.173396 0.170878 0.164771 0.155460 0.151485 0.145125 0.149882 0.150358 0.152538 0.143950 0.139078 0.133408 0.136408 0.133559 0.137581 0.134937 0.139813 0.143614 0.148754 0.146147 0.156638 0.132023 0.134550 
0.512964 0.612200 0.554292 0.540332 0.486562 0.750759 1.000000 0.621965 0.570991 0.475385 0.465792 0.423851 0.516412 0.466771 0.491040 0.424555 0.419896 0.438819 0.362197 0.378481 0.375034 0.338813 0.305025 0.296382 0.298264 0.278065 0.285120 0.278326 0.279386 0.233743 0.248194 0.244408 0.249152 0.246281 0.246805 0.249955 0.253664 0.273036 0.290452 0.277764 0.304816 0.296816 0.274851 0.323420 0.311027 0.341290 0.285775 0.282079 0.255352 0.239958 0.247585 0.218956 0.285036 0.277979 0.290770 0.286900 0.271346 0.245462 0.312992 0.342282 0.304004 0.318931 0.303638 0.273442 0.308327 0.300689 0.284634 0.302222 0.280592 0.282227 0.291133 0.254826 0.241022 0.249543 0.229104 0.224904 0.222075 0.227544 0.235933 0.223650 0.223422 0.210229 0.231987 0.223371 0.232167 0.232684 0.229031 0.239715 0.219624 0.211238 0.225195 0.219270 0.228871 0.244992 0.245215 0.231466 0.203094 0.196202 0.165965 0.176806 0.179078 0.173465 0.175539 0.169687 0.162919 0.165611 0.160921 0.183225 0.180251 0.193210 0.201740 0.201342 0.187635 0.186266 0.180744 0.217533 0.220461 0.229685 0.250882 0.261163 0.280170 0.284782 0.291710 0.261857 0.255108 0.274240 0.280976 0.258945 0.258826 0.240499 0.223410 0.208518 0.208233 0.222094 0.210303 0.234190 0.230252 0.243058 0.240847 0.228257 0.237325 0.173881 0.178030 0.180776 0.183120 0.175046 0.178146 0.187787 0.191792 0.187804 0.197362 0.186147 0.194771 0.187679 0.186295 0.185417 0.182262 0.180854 0.182843 0.198466 0.210264 0.188705 0.189552 0.185803 0.177519 0.174031 0.166682 0.180925 0.172731 0.182681 0.174101 0.177790 0.169191 0.170786 0.172239 0.169419 0.169253 0.173774 0.159766 0.154328 0.146510 0.146501 0.139203 0.148438 0.152310 0.153406 0.149703 0.147470 0.143670 0.146571 0.147765 0.142138 0.141369 0.138064 0.133142 0.128255 0.130105 0.124940 0.135195 0.131117 0.178522 0.179168 0.168953 0.166221 0.156851 0.153852 0.146513 0.142058 0.143812 0.178192 0.172968 0.183968 0.182479 0.191500 0.192184 0.198435 0.203565 0.198006 0.172091 0.169804 0.163704 0.154504 0.150149 0.143836 0.148478 0.149856 0.152177 0.143577 0.138992 0.133361 0.136222 0.133155 0.137557 0.134843 0.139624 0.143087 0.148016 0.145308 0.155774 0.132134 0.134846 
0.579118 0.605553 0.525555 0.506478 0.472466 0.732173 0.621965 1.000000 0.722551 0.608652 0.577094 0.503436 0.605453 0.566085 0.519413 0.442335 0.410872 0.427116 0.356996 0.393324 0.378990 0.359939 0.321487 0.317194 0.328939 0.308412 0.316225 0.293362 0.294394 0.264349 0.281820 0.273515 0.276291 0.270704 0.268033 0.270813 0.278946 0.314873 0.336818 0.323568 0.362886 0.350539 0.324147 0.385488 0.377506 0.426019 0.342044 0.337543 0.300270 0.277784 0.290105 0.250788 0.338473 0.327144 0.342844 0.331504 0.307936 0.278150 0.360793 0.399318 0.342054 0.350064 0.329254 0.294775 0.339186 0.321903 0.305485 0.316189 0.289337 0.283607 0.289950 0.263750 0.249093 0.258459 0.237499 0.232717 0.228252 0.233148 0.241043 0.228945 0.234139 0.219322 0.246932 0.240323 0.253689 0.255028 0.250561 0.263848 0.235755 0.227604 0.240871 0.234016 0.242271 0.261286 0.265434 0.248995 0.215744 0.208408 0.164294 0.175074 0.178768 0.174228 0.176578 0.171607 0.165413 0.167062 0.163169 0.180184 0.177271 0.189038 0.195784 0.193851 0.180986 0.178226 0.173898 0.210920 0.215580 0.221234 0.241530 0.248193 0.266148 0.273044 0.274469 0.251232 0.242497 0.266735 0.273966 0.256254 0.257777 0.238861 0.223743 0.208367 0.208550 0.225554 0.214627 0.240052 0.239743 0.255475 0.250781 0.239429 0.248024 0.181910 0.185692 0.187088 0.188725 0.180139 0.182447 0.191495 0.196387 0.196936 0.207938 0.195495 0.205839 0.199551 0.199560 0.199273 0.196676 0.195051 0.196223 0.208404 0.221156 0.196693 0.196391 0.193393 0.184840 0.182225 0.174105 0.185819 0.177307 0.186460 0.176543 0.178706 0.169346 0.169710 0.170453 0.167846 0.171659 0.176254 0.162137 0.156617 0.148980 0.149795 0.142430 0.152407 0.153593 0.154118 0.150898 0.147847 0.144232 0.147837 0.149485 0.142138 0.140841 0.138411 0.133220 0.128764 0.131032 0.125545 0.135002 0.130714 0.190016 0.190171 0.179115 0.176537 0.166207 0.162682 0.154452 0.149497 0.151275 0.187172 0.180878 0.192912 0.189560 0.198087 0.196937 0.202275 0.207222 0.200942 0.178175 0.175055 0.169653 0.159673 0.155861 0.149029 0.154538 0.154253 0.156765 0.147340 0.142211 0.136133 0.139779 0.136899 0.141097 0.138614 0.144030 0.148208 0.154012 0.151472 0.162443 0.135509 0.137982 
0.474386 0.496628 0.448174 0.445152 0.409647 0.602665 0.570991 0.722551 1.000000 0.713061 0.611762 0.602951 0.711719 0.614628 0.610375 0.499675 0.446821 0.446263 0.384473 0.448468 0.434675 0.406350 0.361003 0.358215 0.370910 0.341716 0.355584 0.323523 0.321548 0.281617 0.300752 0.293300 0.299976 0.295147 0.294310 0.298048 0.305676 0.338921 0.362304 0.349502 0.393969 0.379445 0.342784 0.419523 0.397760 0.444014 0.354236 0.340669 0.301868 0.281129 0.293014 0.253313 0.339037 0.321876 0.349007 0.335244 0.316041 0.286009 0.361773 0.404704 0.337675 0.342284 0.316284 0.285566 0.320246 0.320009 0.306360 0.314598 0.290835 0.284218 0.291235 0.264285 0.251252 0.256077 0.235035 0.228155 0.222896 0.225899 0.232863 0.221122 0.232592 0.218321 0.245499 0.239996 0.252760 0.251310 0.246180 0.258276 0.237758 0.229963 0.244767 0.240106 0.250263 0.272043 0.278089 0.261925 0.221344 0.214814 0.174699 0.186969 0.191444 0.186460 0.189223 0.183606 0.176593 0.178363 0.174020 0.192469 0.188970 0.202337 0.209470 0.206673 0.192058 0.188391 0.183816 0.227021 0.233210 0.238142 0.261827 0.267646 0.288104 0.296914 0.296166 0.273641 0.262391 0.293678 0.302647 0.282139 0.283688 0.261673 0.243968 0.225834 0.226171 0.246592 0.233556 0.264290 0.263899 0.282909 0.276775 0.263050 0.273055 0.195044 0.199576 0.201422 0.203351 0.193319 0.195877 0.206390 0.212285 0.212449 0.225258 0.210543 0.222155 0.214176 0.213865 0.213131 0.209780 0.207984 0.209773 0.224997 0.239719 0.211453 0.210728 0.206589 0.196625 0.192890 0.183782 0.198643 0.189150 0.199091 0.187757 0.190129 0.179446 0.179786 0.180522 0.177642 0.181751 0.186481 0.171146 0.164666 0.156357 0.157363 0.149348 0.159954 0.161131 0.161844 0.157795 0.154248 0.149994 0.153815 0.155992 0.148208 0.146705 0.144409 0.138898 0.134156 0.136754 0.130496 0.141032 0.136435 0.198540 0.197773 0.185361 0.182053 0.170847 0.166789 0.158082 0.153036 0.154509 0.194783 0.188590 0.200356 0.196830 0.205262 0.204200 0.209931 0.215257 0.208424 0.184241 0.180381 0.175474 0.164667 0.160456 0.153049 0.159434 0.159360 0.162513 0.151913 0.146770 0.140145 0.144453 0.141265 0.146208 0.143795 0.149795 0.154023 0.160479 0.157926 0.169526 0.140691 0.143462 
0.438623 0.440984 0.409123 0.413892 0.384604 0.507288 0.475385 0.608652 0.713061 1.000000 0.727624 0.710324 0.600844 0.556170 0.535525 0.455390 0.399183 0.391853 0.353013 0.426638 0.414921 0.397075 0.359192 0.367463 0.390492 0.357206 0.383503 0.321411 0.315433 0.313445 0.338837 0.328276 0.333197 0.326378 0.321409 0.325464 0.338615 0.388510 0.421583 0.397655 0.451767 0.419837 0.374097 0.454685 0.459859 0.516813 0.402783 0.382573 0.332822 0.310470 0.320068 0.276758 0.383329 0.357970 0.399416 0.379879 0.356399 0.318678 0.409632 0.466958 0.372910 0.370736 0.335814 0.303421 0.338734 0.345770 0.332991 0.334087 0.307290 0.295266 0.300887 0.279168 0.265812 0.269681 0.247230 0.238379 0.231477 0.233463 0.240170 0.227933 0.246598 0.231099 0.262714 0.258532 0.274438 0.271498 0.264805 0.278512 0.257133 0.248533 0.264884 0.260080 0.270960 0.297507 0.306840 0.286493 0.237798 0.230937 0.175732 0.188042 0.193765 0.189071 0.191473 0.186157 0.179759 0.181617 0.177492 0.193181 0.190152 0.202051 0.208459 0.204068 0.189685 0.184929 0.181990 0.226158 0.233132 0.236380 0.259819 0.264443 0.285607 0.296295 0.291822 0.268869 0.255588 0.290328 0.296759 0.279009 0.279742 0.260981 0.244466 0.226787 0.228705 0.249604 0.236709 0.269841 0.272768 0.296390 0.290661 0.271005 0.278618 0.202279 0.207289 0.207814 0.209917 0.199947 0.202420 0.212738 0.218608 0.222136 0.235858 0.221128 0.235178 0.227718 0.227606 0.227329 0.223522 0.221282 0.223327 0.238225 0.255149 0.222608 0.221573 0.218384 0.207803 0.204638 0.194337 0.207330 0.196852 0.207310 0.194463 0.195786 0.183973 0.183304 0.183697 0.180659 0.188560 0.193949 0.177351 0.170703 0.162007 0.163564 0.155028 0.166943 0.166455 0.166579 0.162958 0.158720 0.154523 0.159119 0.161594 0.151973 0.149992 0.148211 0.142188 0.137478 0.140463 0.133846 0.144099 0.139111 0.213406 0.212365 0.198257 0.194732 0.181993 0.177273 0.167469 0.161838 0.163398 0.208351 0.200892 0.213947 0.208939 0.217838 0.215410 0.220680 0.226387 0.218395 0.194461 0.189968 0.185298 0.173269 0.169110 0.160815 0.168195 0.167189 0.170581 0.158846 0.153050 0.145736 0.150780 0.147551 0.152555 0.150089 0.156846 0.161838 0.169164 0.166401 0.179252 0.146385 0.149034 
0.445389 0.446408 0.429016 0.443747 0.411105 0.499609 0.465792 0.577094 0.611762 0.727624 1.000000 0.608634 0.503520 0.470787 0.458600 0.396371 0.356211 0.351614 0.317773 0.375213 0.370867 0.350367 0.322082 0.331680 0.350568 0.322006 0.351511 0.290962 0.284560 0.308168 0.337527 0.329998 0.330293 0.322055 0.313856 0.316951 0.332688 0.382855 0.424667 0.381324 0.422261 0.383812 0.348562 0.403407 0.441233 0.493872 0.396466 0.385015 0.333872 0.314134 0.314796 0.279253 0.399864 0.377476 0.422070 0.413184 0.384011 0.334970 0.461775 0.537616 0.422151 0.425665 0.379697 0.338343 0.379423 0.393113 0.373649 0.377879 0.342115 0.326633 0.332149 0.307734 0.290364 0.297633 0.270446 0.260337 0.252316 0.254596 0.262508 0.247789 0.268576 0.249830 0.287451 0.280625 0.298199 0.295127 0.287185 0.303100 0.277529 0.266072 0.286347 0.278571 0.290724 0.319807 0.325710 0.300196 0.252713 0.243567 0.171594 0.183096 0.188594 0.183496 0.184910 0.179528 0.173939 0.176853 0.172541 0.188756 0.186745 0.196714 0.203598 0.199009 0.185259 0.180392 0.178811 0.220461 0.225986 0.231295 0.253815 0.260771 0.283207 0.293974 0.290624 0.259467 0.246139 0.277748 0.280011 0.262540 0.261075 0.247675 0.231990 0.217042 0.220245 0.236244 0.224049 0.255239 0.257929 0.280938 0.280236 0.254084 0.258939 0.194525 0.199990 0.200186 0.203233 0.194693 0.197816 0.207344 0.211530 0.214268 0.226082 0.214911 0.229318 0.223121 0.221965 0.221496 0.217138 0.214973 0.217625 0.234037 0.251156 0.219429 0.219943 0.218273 0.208177 0.206236 0.195957 0.206035 0.195082 0.206872 0.194260 0.195507 0.183851 0.182942 0.183375 0.180122 0.189411 0.195793 0.178150 0.172141 0.163054 0.164327 0.155537 0.168300 0.168228 0.167984 0.165215 0.161122 0.157353 0.162301 0.164267 0.153828 0.151850 0.149653 0.143251 0.138360 0.141185 0.135024 0.144781 0.139539 0.218911 0.219497 0.204816 0.201451 0.187955 0.183269 0.172857 0.166670 0.168733 0.215729 0.206959 0.222850 0.217762 0.228732 0.226027 0.231783 0.238161 0.229213 0.202268 0.198182 0.192060 0.179352 0.174866 0.166202 0.173239 0.172396 0.175406 0.163674 0.157200 0.149721 0.154397 0.151052 0.155798 0.152797 0.159469 0.164946 0.172089 0.168693 0.182762 0.148684 0.151281 
0.376679 0.381740 0.359657 0.365277 0.340217 0.436984 0.423851 0.503436 0.602951 0.710324 0.608634 1.000000 0.565090 0.517799 0.528325 0.460543 0.397301 0.378018 0.355120 0.454854 0.451042 0.427343 0.393676 0.413759 0.441176 0.392067 0.440089 0.346649 0.335088 0.336956 0.365267 0.358205 0.371934 0.366030 0.363845 0.369718 0.382615 0.420470 0.453329 0.431006 0.484197 0.447147 0.388684 0.473094 0.463095 0.495687 0.404405 0.372723 0.327319 0.310010 0.316140 0.276370 0.369601 0.340247 0.393976 0.373931 0.361741 0.327547 0.394619 0.446146 0.357507 0.352263 0.316216 0.289813 0.313802 0.336281 0.329058 0.326255 0.305016 0.292419 0.298147 0.277304 0.266688 0.264958 0.243271 0.232527 0.225036 0.225370 0.230958 0.219662 0.243875 0.229645 0.259299 0.256565 0.270628 0.264263 0.257597 0.269266 0.258503 0.251195 0.268351 0.266961 0.280138 0.309951 0.323014 0.304412 0.244695 0.239001 0.187070 0.201035 0.208171 0.203152 0.205806 0.199795 0.192570 0.194845 0.190086 0.206564 0.202946 0.215956 0.222408 0.216281 0.200027 0.194050 0.191508 0.242862 0.252197 0.253240 0.279973 0.282134 0.305523 0.319641 0.310711 0.290639 0.273705 0.316815 0.323215 0.304353 0.304096 0.284793 0.266058 0.245510 0.248516 0.273672 0.258323 0.299031 0.303601 0.334019 0.326401 0.300121 0.308138 0.218588 0.224924 0.225672 0.228226 0.216484 0.219331 0.231567 0.238529 0.242667 0.258883 0.241417 0.257990 0.248165 0.247403 0.246395 0.241121 0.238654 0.241775 0.261727 0.282015 0.242940 0.241239 0.236550 0.223834 0.219256 0.207464 0.224636 0.212696 0.223876 0.208790 0.210108 0.196406 0.195221 0.195454 0.192062 0.201352 0.206863 0.188822 0.180937 0.171384 0.173276 0.163876 0.176745 0.175856 0.176137 0.171547 0.166548 0.161533 0.166485 0.169794 0.159392 0.157036 0.155491 0.148999 0.143950 0.147403 0.139825 0.151297 0.145911 0.225157 0.222679 0.206612 0.201940 0.188151 0.182752 0.172325 0.166620 0.167720 0.218615 0.211449 0.223831 0.218454 0.226879 0.224464 0.230091 0.236084 0.227481 0.202475 0.196792 0.192930 0.179794 0.175092 0.166017 0.174703 0.173890 0.178162 0.164769 0.158924 0.150861 0.156841 0.153234 0.159169 0.156805 0.164365 0.169434 0.177756 0.175035 0.188746 0.153082 0.156139 
0.434326 0.449322 0.398111 0.390423 0.365853 0.531871 0.516412 0.605453 0.711719 0.600844 0.503520 0.565090 1.000000 0.751859 0.732064 0.601803 0.518642 0.515334 0.438901 0.514853 0.479632 0.465028 0.401196 0.388575 0.400540 0.371741 0.372045 0.359750 0.361889 0.280040 0.294917 0.286248 0.295854 0.291285 0.292940 0.296717 0.301452 0.330968 0.346455 0.349041 0.396499 0.396792 0.357268 0.451265 0.390654 0.429693 0.347456 0.330405 0.296602 0.275257 0.292442 0.249031 0.320465 0.303050 0.328491 0.311529 0.296680 0.274806 0.328483 0.361388 0.307057 0.307785 0.286410 0.261450 0.290892 0.288559 0.279200 0.284157 0.264990 0.259009 0.264816 0.242875 0.232388 0.235401 0.217587 0.211506 0.206639 0.209252 0.215027 0.205364 0.216345 0.204219 0.227789 0.224095 0.235657 0.234075 0.230219 0.240681 0.222814 0.217377 0.228886 0.225747 0.234307 0.253662 0.261755 0.249243 0.209755 0.204390 0.177079 0.189831 0.194243 0.189984 0.193973 0.188696 0.180829 0.181302 0.177286 0.194672 0.190061 0.205010 0.211217 0.208875 0.194098 0.190892 0.184719 0.228810 0.236431 0.238477 0.261498 0.264054 0.281349 0.289409 0.287945 0.277302 0.267411 0.298792 0.313504 0.294740 0.300328 0.271023 0.253592 0.232875 0.231284 0.256823 0.243869 0.274229 0.273712 0.290799 0.279129 0.276311 0.290329 0.200806 0.204484 0.206827 0.207476 0.196091 0.197810 0.208788 0.216257 0.217145 0.231352 0.213573 0.224185 0.215370 0.216202 0.215697 0.213161 0.211539 0.212422 0.225370 0.238905 0.211366 0.209243 0.203896 0.193893 0.189514 0.180713 0.197545 0.188871 0.196906 0.185721 0.188102 0.177672 0.178076 0.178735 0.176086 0.178846 0.182537 0.168782 0.161947 0.154175 0.155397 0.147837 0.157493 0.158169 0.159217 0.154519 0.150882 0.146346 0.149817 0.152449 0.145487 0.143988 0.142032 0.136934 0.132432 0.135124 0.128604 0.139385 0.135116 0.192684 0.190880 0.179176 0.175800 0.165451 0.161462 0.153274 0.148701 0.149735 0.187467 0.182322 0.192070 0.188501 0.195204 0.194184 0.199411 0.204008 0.197962 0.177022 0.172784 0.168989 0.158849 0.154961 0.147944 0.154556 0.154205 0.157586 0.147106 0.142496 0.136096 0.140650 0.137615 0.142630 0.140684 0.146621 0.150403 0.156958 0.155015 0.165422 0.138014 0.140819 
0.434741 0.434767 0.380198 0.369530 0.351804 0.494167 0.466771 0.566085 0.614628 0.556170 0.470787 0.517799 0.751859 1.000000 0.625369 0.572885 0.498837 0.512986 0.432345 0.487408 0.441969 0.460507 0.395821 0.381143 0.399924 0.382359 0.369856 0.362804 0.371072 0.282820 0.295203 0.283334 0.290538 0.284854 0.285379 0.288394 0.294947 0.331922 0.344242 0.355232 0.408365 0.417061 0.379357 0.487653 0.405967 0.449927 0.359990 0.342584 0.307907 0.282231 0.307794 0.256765 0.327206 0.309478 0.329278 0.307917 0.290116 0.270380 0.321554 0.350893 0.298357 0.295875 0.277740 0.254595 0.285043 0.275847 0.267102 0.269783 0.251454 0.244659 0.249342 0.232271 0.222290 0.226115 0.210167 0.205105 0.200518 0.203092 0.208498 0.199560 0.209556 0.198059 0.221462 0.219121 0.231849 0.231552 0.227614 0.238120 0.217200 0.212273 0.222209 0.218994 0.225692 0.243702 0.252907 0.241082 0.204254 0.199430 0.171424 0.183388 0.187840 0.184595 0.188990 0.184730 0.177412 0.176631 0.173526 0.187097 0.182560 0.196553 0.201467 0.199447 0.186299 0.183062 0.176864 0.216908 0.224485 0.225145 0.245302 0.246524 0.260658 0.267713 0.265606 0.259673 0.251097 0.279902 0.294763 0.280887 0.288510 0.259182 0.244788 0.225185 0.222885 0.249011 0.238261 0.265393 0.266938 0.282227 0.268458 0.272595 0.286461 0.199501 0.202027 0.203629 0.203276 0.191924 0.192713 0.202471 0.210447 0.214054 0.228426 0.210232 0.220339 0.212659 0.215038 0.215176 0.213907 0.212291 0.211854 0.219822 0.231948 0.205999 0.202938 0.198092 0.188880 0.185146 0.176712 0.191281 0.183400 0.190057 0.179259 0.180816 0.171009 0.171138 0.171496 0.169149 0.172682 0.175942 0.163425 0.156932 0.149857 0.151410 0.144421 0.153553 0.152974 0.153835 0.149475 0.145781 0.141581 0.145012 0.147648 0.140671 0.139149 0.137638 0.132829 0.128799 0.131500 0.125157 0.135115 0.131058 0.189074 0.186900 0.175987 0.173107 0.163186 0.159217 0.151263 0.146790 0.147762 0.182529 0.177400 0.186636 0.182521 0.188272 0.186559 0.191020 0.195104 0.189376 0.171651 0.167482 0.164379 0.154752 0.151495 0.144824 0.151313 0.150120 0.153368 0.143323 0.138836 0.132716 0.137308 0.134565 0.139190 0.137556 0.143400 0.147224 0.153763 0.152169 0.161825 0.134969 0.137489 
0.386085 0.408262 0.369451 0.366157 0.338281 0.478618 0.491040 0.519413 0.610375 0.535525 0.458600 0.528325 0.732064 0.625369 1.000000 0.723076 0.606711 0.561520 0.503463 0.608920 0.570580 0.521957 0.444428 0.420538 0.419076 0.383296 0.382711 0.390260 0.389126 0.270370 0.282953 0.277211 0.289420 0.288518 0.294566 0.299340 0.299390 0.316106 0.328623 0.331815 0.371283 0.373670 0.334292 0.422923 0.358077 0.386465 0.318699 0.300621 0.271490 0.254466 0.269998 0.232590 0.292959 0.276662 0.300285 0.286345 0.275334 0.254699 0.301505 0.331271 0.282015 0.283927 0.264389 0.243000 0.266237 0.271087 0.262772 0.268522 0.253673 0.250115 0.256965 0.232595 0.223704 0.224299 0.207648 0.201230 0.196966 0.198696 0.204058 0.194679 0.205859 0.194935 0.215740 0.212104 0.221744 0.219357 0.215023 0.223972 0.212041 0.206336 0.218847 0.217425 0.227290 0.246125 0.252895 0.242249 0.202535 0.198505 0.186681 0.200927 0.205070 0.200004 0.204784 0.198599 0.189540 0.189922 0.185478 0.206246 0.200719 0.218594 0.225545 0.223661 0.207119 0.203899 0.196052 0.245467 0.253911 0.255933 0.281923 0.284109 0.302045 0.309099 0.307328 0.301718 0.291607 0.328494 0.349421 0.325825 0.333103 0.295859 0.274651 0.250472 0.247535 0.276075 0.260446 0.294321 0.290277 0.306694 0.294012 0.292265 0.309173 0.207537 0.211660 0.215453 0.216474 0.203866 0.205834 0.218249 0.226781 0.224104 0.239136 0.219432 0.229183 0.218303 0.218207 0.217067 0.213979 0.212410 0.214292 0.230654 0.244541 0.216511 0.214183 0.207339 0.196668 0.190629 0.181725 0.202406 0.193531 0.202283 0.190991 0.194201 0.183253 0.184576 0.185559 0.182869 0.183208 0.186717 0.172431 0.164840 0.156739 0.157800 0.149988 0.159364 0.161216 0.162677 0.156968 0.153375 0.148346 0.151538 0.154284 0.148049 0.146695 0.144740 0.139762 0.135012 0.137786 0.130752 0.142688 0.138398 0.189665 0.187335 0.175586 0.171919 0.161665 0.157629 0.149818 0.145485 0.146371 0.185042 0.180600 0.189035 0.186278 0.192818 0.192599 0.198021 0.202774 0.196926 0.174614 0.170576 0.167233 0.157255 0.153103 0.146149 0.152732 0.153241 0.156934 0.146322 0.142164 0.135753 0.140387 0.137122 0.142720 0.140880 0.146890 0.150250 0.156675 0.154718 0.164917 0.138475 0.141458 
0.347990 0.363805 0.329552 0.325314 0.304211 0.414005 0.424555 0.442335 0.499675 0.455390 0.396371 0.460543 0.601803 0.572885 0.723076 1.000000 0.711922 0.611304 0.603614 0.709766 0.612093 0.609474 0.499044 0.449773 0.439005 0.407820 0.387602 0.441510 0.447243 0.263317 0.271747 0.265545 0.278604 0.278895 0.287037 0.291738 0.288816 0.301412 0.308312 0.320013 0.356125 0.368761 0.331757 0.420883 0.338903 0.360362 0.303003 0.284438 0.259755 0.243684 0.261915 0.224589 0.274063 0.258652 0.278929 0.264507 0.255534 0.239408 0.275008 0.299059 0.257437 0.257591 0.241222 0.223472 0.243458 0.246914 0.240697 0.244344 0.232351 0.229221 0.235082 0.214608 0.207411 0.207217 0.193000 0.187248 0.183420 0.184801 0.189394 0.181303 0.191832 0.182478 0.200694 0.198199 0.206983 0.204777 0.200920 0.208757 0.198655 0.194102 0.204608 0.204118 0.212804 0.229555 0.236855 0.228617 0.191188 0.188260 0.189572 0.204285 0.208180 0.203933 0.210317 0.204620 0.194616 0.193243 0.189391 0.208618 0.201909 0.221523 0.227124 0.225908 0.209577 0.206918 0.197174 0.246623 0.256405 0.254811 0.278872 0.277578 0.291227 0.296421 0.293677 0.301959 0.294424 0.330285 0.359295 0.340505 0.355169 0.306324 0.286303 0.259047 0.253301 0.287764 0.272510 0.304314 0.299303 0.311695 0.293701 0.305669 0.327837 0.213390 0.216394 0.220900 0.220500 0.206580 0.207507 0.220150 0.230459 0.227915 0.244100 0.221353 0.229450 0.217750 0.218533 0.217660 0.215427 0.214069 0.215353 0.229247 0.241557 0.215045 0.211349 0.203562 0.193152 0.186426 0.177933 0.200066 0.192162 0.199155 0.188282 0.191407 0.180811 0.182357 0.183310 0.180943 0.179873 0.182486 0.169645 0.161791 0.154262 0.155531 0.148208 0.156620 0.158067 0.159744 0.153486 0.149861 0.144687 0.147563 0.150587 0.145091 0.143765 0.142264 0.137743 0.133268 0.136143 0.128851 0.140965 0.137005 0.183112 0.180043 0.169060 0.165495 0.155989 0.152044 0.144791 0.140856 0.141464 0.177697 0.174055 0.180692 0.177990 0.183272 0.183035 0.187818 0.192014 0.186787 0.167159 0.163120 0.160774 0.151494 0.147696 0.141130 0.147735 0.148081 0.151883 0.141559 0.137909 0.131757 0.136545 0.133427 0.139053 0.137642 0.143576 0.146526 0.152890 0.151411 0.160491 0.135588 0.138493 
0.335913 0.356453 0.323669 0.318218 0.297906 0.400360 0.419896 0.410872 0.446821 0.399183 0.356211 0.397301 0.518642 0.498837 0.606711 0.711922 1.000000 0.727677 0.712625 0.597525 0.551176 0.533098 0.454002 0.400995 0.383471 0.363755 0.343125 0.413414 0.426755 0.239133 0.246138 0.241746 0.252913 0.253473 0.261503 0.265473 0.262172 0.270461 0.276948 0.284824 0.313261 0.323450 0.296065 0.364818 0.301147 0.320289 0.272530 0.258552 0.238038 0.223700 0.239988 0.207685 0.250377 0.238431 0.253997 0.242779 0.234632 0.220300 0.253248 0.273591 0.239349 0.241341 0.228150 0.211751 0.230167 0.231835 0.225301 0.231159 0.220648 0.219487 0.225500 0.204204 0.197224 0.197558 0.184325 0.179546 0.176521 0.178109 0.182603 0.174912 0.182322 0.173583 0.189890 0.186878 0.194359 0.192783 0.189447 0.196452 0.186760 0.182375 0.192402 0.191734 0.199791 0.214165 0.219540 0.212523 0.180559 0.177713 0.187653 0.201912 0.204109 0.199512 0.206090 0.200183 0.189991 0.188576 0.184704 0.206456 0.199530 0.220226 0.226388 0.227649 0.211942 0.210692 0.198567 0.244337 0.252383 0.253211 0.275633 0.275738 0.286623 0.288844 0.289441 0.300080 0.296957 0.324580 0.355447 0.335325 0.350653 0.300483 0.280416 0.254872 0.247283 0.277417 0.263096 0.289669 0.281347 0.288886 0.274582 0.287055 0.308048 0.203397 0.206052 0.211561 0.211482 0.198281 0.199388 0.211381 0.221039 0.215153 0.229266 0.208873 0.215074 0.204012 0.204366 0.203106 0.201050 0.200003 0.201328 0.215076 0.225492 0.203242 0.200241 0.192528 0.183043 0.176452 0.168933 0.190763 0.183708 0.190568 0.181196 0.184954 0.175620 0.178101 0.179304 0.177135 0.173119 0.175399 0.163557 0.156080 0.148930 0.149731 0.142898 0.150342 0.153004 0.155060 0.148675 0.145638 0.140578 0.142870 0.145523 0.141411 0.140525 0.138615 0.134546 0.130120 0.132612 0.125742 0.137881 0.134254 0.172189 0.169616 0.159798 0.156534 0.147930 0.144406 0.137832 0.134215 0.134814 0.167747 0.164634 0.170954 0.169062 0.174141 0.174512 0.179426 0.183329 0.178778 0.159402 0.155883 0.153351 0.144911 0.141164 0.135250 0.141012 0.141892 0.145432 0.136044 0.132802 0.127216 0.131373 0.128305 0.133785 0.132371 0.137670 0.140168 0.145799 0.144361 0.152682 0.130741 0.133661 
0.360585 0.382457 0.341605 0.331534 0.313322 0.423145 0.438819 0.427116 0.446263 0.391853 0.351614 0.378018 0.515334 0.512986 0.561520 0.611304 0.727677 1.000000 0.612980 0.501360 0.462785 0.461840 0.398585 0.357616 0.349247 0.337937 0.316162 0.370433 0.388537 0.230559 0.237422 0.231775 0.240151 0.239618 0.245168 0.248490 0.247635 0.261198 0.268204 0.274598 0.303236 0.313222 0.290372 0.354993 0.296555 0.318137 0.269738 0.258793 0.238697 0.222807 0.240710 0.207109 0.250425 0.240276 0.251990 0.240838 0.230756 0.216513 0.251923 0.271304 0.239052 0.241564 0.230288 0.213163 0.234157 0.230098 0.222606 0.229350 0.217741 0.216584 0.222220 0.201989 0.194329 0.196403 0.183440 0.179645 0.176992 0.179298 0.184072 0.176414 0.181196 0.172258 0.188741 0.185499 0.193431 0.193014 0.189947 0.197250 0.184253 0.179802 0.189168 0.187494 0.194439 0.207753 0.212651 0.205148 0.176600 0.173365 0.176248 0.188777 0.190690 0.186640 0.192328 0.187257 0.178429 0.176918 0.173624 0.192619 0.186750 0.205082 0.210881 0.212699 0.199295 0.198333 0.187155 0.225839 0.232076 0.234770 0.254304 0.256405 0.266362 0.268054 0.269675 0.273597 0.271257 0.293956 0.317976 0.300759 0.312920 0.272343 0.255566 0.234300 0.227653 0.253073 0.241543 0.263755 0.257604 0.264563 0.252625 0.263268 0.280596 0.191228 0.193284 0.197673 0.197427 0.185934 0.186878 0.197075 0.205602 0.201611 0.214252 0.196207 0.202160 0.193092 0.194008 0.193048 0.191602 0.190543 0.191172 0.201692 0.211087 0.191316 0.188729 0.182396 0.173999 0.168574 0.161609 0.179845 0.173382 0.179932 0.171422 0.174594 0.166281 0.168566 0.169615 0.167633 0.164549 0.166872 0.155716 0.149095 0.142517 0.143288 0.136928 0.144014 0.146225 0.148010 0.142563 0.139834 0.135364 0.137589 0.139818 0.135763 0.134997 0.133048 0.129176 0.125091 0.127316 0.121111 0.132075 0.128646 0.166375 0.164350 0.155382 0.152639 0.144480 0.141233 0.134916 0.131360 0.132098 0.162123 0.158800 0.165599 0.163636 0.168685 0.168779 0.173444 0.177137 0.172846 0.154779 0.151623 0.148746 0.140797 0.137416 0.131906 0.137074 0.137576 0.140674 0.132103 0.128819 0.123626 0.127332 0.124539 0.129420 0.127974 0.132878 0.135466 0.140687 0.139269 0.147198 0.126287 0.128952 
